       54805
       25908
       34012
       41423
       53372
        5122
        7336
       44117
        1188
         937
        8374
       29633
        1504
       60254
        6887
        5832
       58398
       34251
         484
       55453
       17301
       62922
       56982
       23998
       59572
       13688
       36896
       26954
       15657
        8847
       21873
       60083
       13454
       52501
       30703
       11153
       59028
        5660
       50013
       54512
       10778
       29308
       34395
        5288
        1297
       33639
       15062
       42114
        4431
       29931
       34003
        8109
       52070
       10264
       60691
        3316
       24875
        1331
       36607
       52423
       50200
       47589
       10357
        5709
       36174
       43783
       55520
       33331
       52179
       31691
       59890
       10061
       55662
        6364
       64882
       61179
       11343
       42135
       41418
       52701
       56326
       63623
        3120
       61161
       51774
       33898
       59720
       62649
       38255
       61398
       54794
       44833
       32365
       20171
        6713
       13307
        3923
       36704
       29508
       58614
       44061
       27858
       27404
        5090
       45643
       17461
       37762
       39236
       39827
        6262
       37727
       40240
       55477
        5946
         265
       63777
       52560
       16467
       43739
       26299
       49295
       35870
       16364
       40376
        5956
       21161
       63255
        3915
       38189
       31553
       62206
       33692
       27926
       56717
        2350
       32576
       31281
       24202
       40255
        2543
       19305
       32388
       17193
       46722
       39562
       26477
       21657
       18713
        2696
       61730
